[gd_scene load_steps=10 format=2]

[ext_resource path="res://assets/Steve.tscn" type="PackedScene" id=1]
[ext_resource path="res://new_env.tres" type="Environment" id=2]
[ext_resource path="res://texture/TactilePaving002_2K_Roughness.jpg" type="Texture" id=3]
[ext_resource path="res://texture/TactilePaving002_2K_Normal.jpg" type="Texture" id=4]

[sub_resource type="BoxShape" id=1]

[sub_resource type="CubeMesh" id=2]

[sub_resource type="BoxShape" id=3]
extents = Vector3( 15, 1, 15 )

[sub_resource type="SpatialMaterial" id=4]
albedo_color = Color( 0, 0.898039, 0.0784314, 1 )
roughness_texture = ExtResource( 3 )
normal_enabled = true
normal_scale = 5.0
normal_texture = ExtResource( 4 )
uv1_scale = Vector3( 0.2, 0.2, 0.2 )
uv1_triplanar = true

[sub_resource type="CubeMesh" id=5]
material = SubResource( 4 )
size = Vector3( 30, 2, 30 )

[node name="Level" type="Spatial"]

[node name="Box1" type="RigidBody" parent="."]
transform = Transform( 0.596225, 0.802817, 0, -0.729196, 0.541549, -0.418327, -0.33584, 0.249417, 0.908297, 4.71116, 2.70359, -8.967 )
__meta__ = {
"_edit_group_": true
}

[node name="CollisionShape" type="CollisionShape" parent="Box1"]
shape = SubResource( 1 )

[node name="MeshInstance" type="MeshInstance" parent="Box1"]
transform = Transform( 1, 2.23517e-08, 0, -7.45058e-09, 1, 0, 5.96046e-08, -2.98023e-08, 1, 0, 0, 0 )
mesh = SubResource( 2 )
material/0 = null

[node name="Floor" type="StaticBody" parent="."]
transform = Transform( 1, 0, 0, 0, 1, 0, 0, 0, 1, 0, -1.02396, 0 )
__meta__ = {
"_edit_group_": true
}

[node name="CollisionShape" type="CollisionShape" parent="Floor"]
shape = SubResource( 3 )

[node name="MeshInstance" type="MeshInstance" parent="Floor"]
mesh = SubResource( 5 )
material/0 = null

[node name="Steve" parent="." instance=ExtResource( 1 )]
transform = Transform( 1, 0, 0, 0, 1, 0, 0, 0, 1, 0, 1, 0 )

[node name="camerTarget" type="Spatial" parent="Steve"]
transform = Transform( 1, 0, 0, 0, 0.901501, 0.432778, 0, -0.432778, 0.901501, 0, 5.6002, 9.72315 )

[node name="InterpolatedCamera" type="InterpolatedCamera" parent="."]
transform = Transform( 1, 0, 0, 0, 1, 0, 0, 0, 1, 0, 5.70203, 24.7023 )
environment = ExtResource( 2 )
target = NodePath("../Steve/camerTarget")
speed = 3.0
enabled = true

[node name="DirectionalLight" type="DirectionalLight" parent="."]
transform = Transform( -0.0518532, 0.868333, 0.493264, -0.531435, -0.442177, 0.722534, 0.84551, -0.224672, 0.484391, 12.5832, 6.91693, -4.14691 )
light_energy = 1.5
shadow_enabled = true
